INIT 47156921742565575 45987378725796323 77479147356714425 55741191265439895 99712248499146526 15676867347146223 84692959957918334 55775493821245629 23885541699416529 59439328681228579
FIRST 6 11 6 12 602
SECOND 4 11 9 11 26
FIRST 7 8 7 9 763
SECOND 5 14 6 15 21
FIRST 9 12 9 13 780
SECOND 0 6 0 8 15
FIRST 8 5 8 7 706
SECOND 7 10 7 13 43
FIRST 4 2 4 4 644
SECOND 2 13 2 15 10
FIRST 5 7 5 8 587
SECOND 5 6 5 9 9
FIRST 5 12 5 13 532
SECOND 5 10 5 16 28
FIRST 1 4 1 5 486
SECOND 2 16 3 16 5
FIRST 0 13 0 14 441
SECOND 0 2 1 2 6
FIRST 9 6 9 7 403
SECOND 1 12 2 12 5
FIRST 2 7 2 8 367
SECOND 2 5 2 9 1
FIRST 6 1 6 2 334
SECOND 2 4 3 4 2
FIRST 7 0 7 1 304
SECOND 3 0 3 1 1
FIRST 3 6 3 7 278
SECOND 4 0 5 0 1
FIRST 8 14 9 14 251
SECOND 7 14 8 15 1
FIRST 8 10 8 12 228
SECOND 4 12 4 13 0
FIRST 7 4 8 4 208
SECOND -1 -1 -1 -1 0
SECOND -1 -1 -1 -1 0
FIRST -1 -1 -1 -1 0
FINISH
SCOREFIRST 29
SCORESECOND 49
