INIT 12954588457692981 19877742753985932 68763666669695977 55933534288431982 73438258791325987 24869769176917454 38224252167344398 42429949215819363 75487581619856828 45132717186252368
FIRST 3 12 6 12 600
SECOND 2 12 7 12 2
FIRST 6 2 6 5 762
SECOND 6 1 7 1 2
FIRST 9 0 9 2 781
SECOND 6 0 6 7 6
FIRST 0 16 2 16 709
SECOND 4 1 4 3 4
FIRST 5 8 8 8 643
SECOND 3 8 9 8 2
FIRST 9 4 9 6 586
SECOND 7 0 7 3 4
FIRST 9 3 9 7 532
SECOND 8 7 9 9 4
FIRST 2 11 3 11 485
SECOND 5 14 7 14 2
FIRST 3 15 3 16 442
SECOND 0 7 1 7 1
FIRST 2 7 3 7 403
SECOND 0 9 1 9 1
FIRST 8 15 8 16 367
SECOND 1 0 1 1 0
FIRST 1 8 1 10 333
SECOND 0 8 2 8 0
FIRST 1 4 2 4 302
SECOND 0 1 2 1 0
FIRST 9 12 9 14 275
SECOND 0 0 0 2 0
FIRST 3 13 3 14 250
SECOND 1 6 2 6 0
FIRST 7 7 7 9 229
SECOND 6 6 7 9 0
FIRST 1 15 2 15 208
SECOND 2 13 4 13 0
FIRST 3 0 3 1 79
SECOND 4 4 4 5 0
FIRST 6 10 6 11 20
SECOND -1 -1 -1 -1 0
SECOND -1 -1 -1 -1 0
FIRST -1 -1 -1 -1 0
FINISH
SCOREFIRST 32
SCORESECOND 58
