INIT 72732217717366427 47612886591784379 58662773285632593 39575496685326713 27469646434888739 25465958237957275 54745459979477783 67954573728613826 97531551284367198 95935737127292464
FIRST 0 5 0 7 1
SECOND 3 10 3 12 767
FIRST 1 10 4 10 1
SECOND 0 10 0 11 581
FIRST 0 4 0 9 0
SECOND 7 7 7 8 467
FIRST 0 3 2 3 1
SECOND 7 9 7 10 442
FIRST 2 0 4 0 1
SECOND 6 4 8 4 419
FIRST 5 4 9 4 3
SECOND 2 12 2 14 398
FIRST 1 13 3 13 1
SECOND 6 7 8 7 375
FIRST 8 7 9 8 5
SECOND 9 15 9 16 354
FIRST 1 14 3 14 1
SECOND 9 5 9 6 334
FIRST 6 11 7 11 2
SECOND 7 5 8 5 317
FIRST 0 13 0 14 1
SECOND 2 15 3 15 299
FIRST 1 15 4 15 0
SECOND 7 13 8 13 285
FIRST 7 11 8 12 2
SECOND 5 7 5 8 267
FIRST 4 8 5 9 0
SECOND 3 5 4 5 255
FIRST 1 4 1 5 0
SECOND 4 2 4 3 239
FIRST 2 6 2 7 0
SECOND 5 6 6 6 228
FIRST 2 8 2 9 0
SECOND 6 15 7 15 217
FIRST 4 6 4 7 0
SECOND 8 9 9 9 173
FIRST 8 6 8 14 0
SECOND 5 3 6 3 47
FIRST 9 3 9 10 0
SECOND 6 14 6 16 8
FIRST 5 14 7 14 0
SECOND -1 -1 -1 -1 0
SECOND -1 -1 -1 -1 0
FIRST -1 -1 -1 -1 0
FINISH
SCOREFIRST 67
SCORESECOND 27
