INIT 52476154643579255 73716337414511621 67723254732289956 49434363218639966 48817266573161454 67229116918632344 64217153835296187 25679492843118248 24138915274952698 21431287884368664
FIRST 1 3 6 3 17
SECOND 9 0 9 3 768
FIRST 1 13 1 16 17
SECOND 4 5 5 6 581
FIRST 0 5 6 5 7
SECOND 4 11 7 11 469
FIRST 4 10 4 13 12
SECOND 6 12 7 12 445
FIRST 4 14 7 14 16
SECOND 4 2 5 2 418
FIRST 1 9 1 11 15
SECOND 6 7 8 7 399
FIRST 8 0 8 3 13
SECOND 5 13 5 16 377
FIRST 8 6 8 9 12
SECOND 8 13 9 13 358
FIRST 0 7 0 8 3
SECOND 1 6 1 7 335
FIRST 0 15 0 16 2
SECOND 0 6 2 6 315
FIRST 1 4 1 8 1
SECOND 2 2 2 4 299
FIRST 0 4 2 7 1
SECOND 3 4 3 6 282
FIRST 3 2 3 9 1
SECOND 4 0 5 0 267
FIRST 2 8 2 9 2
SECOND 2 0 3 0 255
FIRST 1 0 1 1 1
SECOND 2 10 3 10 242
FIRST 2 11 2 12 0
SECOND 6 0 6 1 231
FIRST 1 12 2 13 0
SECOND 5 8 5 9 216
FIRST 0 12 3 12 0
SECOND 4 9 6 9 144
FIRST 9 5 9 6 0
SECOND 4 8 4 15 71
FIRST 4 7 4 16 0
SECOND 0 7 5 9 21
FIRST 0 4 4 10 0
SECOND 9 15 9 16 6
FIRST -1 -1 -1 -1 0
FIRST -1 -1 -1 -1 0
SECOND -1 -1 -1 -1 0
FINISH
SCOREFIRST 76
SCORESECOND 34
