INIT 57119888236427597 75725357726179371 75711438974479272 53968131293562512 84454131959931444 27277468546424267 87481259722631153 26149248661278758 37739255623127622 36246322365569352
FIRST 3 5 7 5 602
SECOND 0 3 3 3 168
FIRST 6 15 7 15 768
SECOND 2 5 3 6 139
FIRST 5 16 6 16 780
SECOND 4 15 5 15 167
FIRST 9 5 9 8 708
SECOND 2 15 8 15 148
FIRST 5 12 6 13 642
SECOND 0 14 2 14 175
FIRST 6 9 8 9 585
SECOND 5 9 9 9 126
FIRST 8 11 8 13 534
SECOND 0 16 2 16 79
FIRST 1 11 3 11 486
SECOND 4 12 7 12 73
FIRST 4 2 6 2 443
SECOND 3 2 7 2 59
FIRST 3 7 5 7 400
SECOND 3 4 3 8 33
FIRST 6 4 7 4 365
SECOND 1 4 4 4 36
FIRST 9 14 9 16 331
SECOND 0 2 0 4 34
FIRST 8 0 8 1 303
SECOND 7 1 7 3 44
FIRST 9 3 9 4 275
SECOND 0 7 0 8 25
FIRST 8 2 8 3 252
SECOND 6 2 9 3 36
FIRST 1 1 2 1 230
SECOND 0 1 3 1 13
FIRST 4 11 4 13 209
SECOND 4 11 5 14 19
FIRST 1 2 1 5 190
SECOND 0 5 8 5 5
FIRST 4 0 5 0 170
SECOND 0 11 6 11 5
FIRST 6 8 6 14 158
SECOND 1 10 2 10 3
FIRST 5 10 8 10 141
SECOND 3 13 7 13 1
FIRST 7 16 8 16 43
SECOND 6 0 7 0 0
FIRST 9 10 9 11 10
SECOND 8 6 8 7 0
FIRST -1 -1 -1 -1 0
FIRST -1 -1 -1 -1 0
SECOND -1 -1 -1 -1 0
FINISH
SCOREFIRST 37
SCORESECOND 78
