INIT 16997847991152678 51854312515239674 29655549961485257 57166393293213562 28554198678641336 39821212562714337 67466448915778492 32549233333172379 84178729253571637 42852783317417757
FIRST 2 10 3 11 220
SECOND 1 4 1 7 767
FIRST 1 3 1 8 144
SECOND 5 6 8 6 585
FIRST 3 0 5 0 581
SECOND 6 8 6 9 470
FIRST 4 3 4 5 313
SECOND 4 12 5 13 445
FIRST 6 2 8 2 209
SECOND 5 7 6 7 423
FIRST 5 3 5 8 160
SECOND 6 4 6 5 396
FIRST 2 5 7 5 92
SECOND 7 8 7 11 374
FIRST 6 13 7 13 145
SECOND 6 3 7 3 353
FIRST 5 11 5 14 93
SECOND 3 8 8 8 336
FIRST 7 7 7 12 79
SECOND 1 1 1 9 317
FIRST 1 0 1 10 15
SECOND 2 3 2 4 300
FIRST 2 2 2 6 17
SECOND 7 14 7 15 283
FIRST 0 2 3 2 14
SECOND 2 14 4 14 270
FIRST 1 14 6 14 17
SECOND 8 10 9 10 255
FIRST 8 13 8 15 18
SECOND 3 12 3 15 239
FIRST 2 13 2 15 6
SECOND 8 4 9 4 227
FIRST 6 9 8 10 4
SECOND 8 9 9 11 218
FIRST 6 8 9 11 5
SECOND 4 10 5 10 206
FIRST 0 10 4 11 1
SECOND 1 15 4 15 58
FIRST 0 15 5 15 0
SECOND 9 1 9 2 6
FIRST -1 -1 -1 -1 0
FIRST -1 -1 -1 -1 0
SECOND -1 -1 -1 -1 0
FINISH
SCOREFIRST 82
SCORESECOND 22
