INIT 23276581278391186 66966859222329581 97769643257166967 74827241318199457 17117258273625223 73317869997467546 42422962567525467 66169631344537317 44988623143662443 63318783234145882
FIRST 6 1 6 4 605
SECOND 0 12 0 13 0
FIRST 8 6 8 9 760
SECOND 2 5 2 6 0
FIRST 8 13 8 15 778
SECOND 3 2 3 3 0
FIRST 6 14 6 15 708
SECOND 3 11 3 12 0
FIRST 4 0 4 3 643
SECOND 4 7 4 8 0
FIRST 9 8 9 11 585
SECOND 4 9 4 10 0
FIRST 5 0 5 1 532
SECOND 5 11 5 12 0
FIRST 8 12 9 12 485
SECOND 5 15 5 16 0
FIRST 2 7 2 9 441
SECOND 7 12 7 13 0
FIRST 2 12 6 12 402
SECOND 9 15 9 16 0
FIRST 7 5 7 7 367
SECOND -1 -1 -1 -1 0
SECOND -1 -1 -1 -1 0
FIRST -1 -1 -1 -1 0
FINISH
SCOREFIRST 36
SCORESECOND 18
