INIT 73795669528914722 94136854861979982 48664655143687948 28461353343891878 56688332855634917 85411118562957527 61849165815514271 37919665947439827 51682187222523116 27316792429538481
FIRST 0 0 0 1 0
SECOND 3 10 5 10 766
FIRST 0 9 0 10 0
SECOND 7 0 9 0 584
FIRST 0 11 0 12 0
SECOND 8 8 9 9 468
FIRST 1 10 1 11 0
SECOND 4 15 6 15 442
FIRST 1 15 1 16 0
SECOND 6 14 7 14 419
FIRST 2 3 2 4 0
SECOND 5 1 5 3 397
FIRST 2 6 2 7 0
SECOND 4 6 6 6 374
FIRST 3 0 3 1 0
SECOND 7 3 9 3 353
FIRST 3 2 3 3 0
SECOND 6 15 7 16 338
FIRST 3 12 3 13 0
SECOND 9 1 9 2 318
FIRST 4 7 4 8 0
SECOND 8 11 8 13 299
FIRST 6 4 6 5 0
SECOND 8 1 8 5 286
FIRST 6 10 6 11 0
SECOND 8 7 8 14 268
FIRST -1 -1 -1 -1 0
FIRST -1 -1 -1 -1 0
SECOND -1 -1 -1 -1 0
FINISH
SCOREFIRST 26
SCORESECOND 39
