INIT 57456785913239358 36215862786312988 51752369936445266 46251144718997276 78787765741486211 57218618823329115 85584561213777239 45795399895881724 85382247656337232 18165217413357279
FIRST 3 4 3 7 604
SECOND 4 14 6 15 0
FIRST 6 6 6 9 765
SECOND 2 9 5 9 0
FIRST 1 10 1 12 776
SECOND 2 5 4 5 0
FIRST 2 10 2 11 707
SECOND 5 1 5 3 0
FIRST 6 1 6 2 647
SECOND 6 5 8 5 0
FIRST 9 0 9 2 586
SECOND 6 10 6 11 0
FIRST 7 1 8 1 534
SECOND 7 2 8 2 0
FIRST 9 5 9 7 485
SECOND 9 4 9 9 0
FIRST 8 15 9 15 442
SECOND 7 13 7 15 0
FIRST 8 12 8 13 403
SECOND 7 12 8 14 0
FIRST 3 0 3 1 368
SECOND 2 1 3 2 0
FIRST 5 6 7 6 334
SECOND 4 6 8 6 0
FIRST 2 3 3 3 304
SECOND 1 2 2 4 0
FIRST 8 3 8 4 246
SECOND -1 -1 -1 -1 0
SECOND -1 -1 -1 -1 0
FIRST -1 -1 -1 -1 0
FINISH
SCOREFIRST 24
SCORESECOND 50
