INIT 67865814817784583 68874726438429336 46691386457826242 37497359357743182 17727759969495813 53268317976765289 69656154645855881 96549783923798233 37585856282297499 73118767619441325
FIRST 9 12 9 15 0
SECOND 6 10 8 10 766
FIRST 8 9 8 11 0
SECOND 1 16 3 16 583
FIRST 0 4 2 4 0
SECOND 5 0 5 2 468
FIRST 3 0 6 0 0
SECOND 9 9 9 10 441
FIRST 9 8 9 11 0
SECOND 2 12 2 14 419
FIRST 1 14 2 15 0
SECOND 6 5 6 7 395
FIRST 5 5 7 5 0
SECOND 8 1 9 1 374
FIRST 9 2 9 4 0
SECOND 2 9 3 9 353
FIRST 0 9 4 9 0
SECOND 7 2 8 2 334
FIRST 3 8 3 10 0
SECOND 1 6 2 6 317
FIRST 7 1 7 3 0
SECOND 0 12 1 12 300
FIRST 0 7 1 7 0
SECOND 1 5 2 5 284
FIRST 1 0 2 0 0
SECOND 3 4 3 5 269
FIRST 2 7 2 8 0
SECOND 6 12 6 13 253
FIRST 2 2 3 2 0
SECOND 3 6 4 6 239
FIRST 0 6 7 6 0
SECOND 4 14 5 14 231
FIRST 3 14 4 15 0
SECOND 6 14 7 14 216
FIRST 5 7 7 7 0
SECOND 5 16 6 16 46
FIRST 4 13 5 13 0
SECOND 6 8 6 9 10
FIRST 8 0 9 0 0
SECOND -1 -1 -1 -1 0
SECOND -1 -1 -1 -1 0
FIRST -1 -1 -1 -1 0
FINISH
SCOREFIRST 65
SCORESECOND 27
