INIT 73324134543481822 96448715134465448 96827912443659877 65934359738959734 67449427924556779 65976526921827819 62516795985786978 97625264596951537 43349433423836198 29547918243323399
FIRST 8 1 8 3 350
SECOND 1 6 1 9 160
FIRST 2 6 5 6 350
SECOND 2 7 2 9 201
FIRST 7 13 9 13 350
SECOND 7 12 9 12 211
FIRST 9 9 9 11 350
SECOND 0 10 2 10 211
FIRST 5 3 7 3 350
SECOND 8 6 8 8 214
FIRST 4 10 6 10 350
SECOND 5 9 5 11 221
FIRST 2 2 2 3 350
SECOND 4 9 6 9 221
FIRST 9 7 9 8 351
SECOND 3 8 3 9 212
FIRST 7 15 7 16 350
SECOND 3 3 3 5 136
FIRST 0 3 4 3 342
SECOND 0 1 0 4 228
FIRST 0 16 1 16 325
SECOND 1 1 1 2 230
FIRST 2 12 3 12 309
SECOND 1 11 1 12 230
FIRST 0 11 2 11 293
SECOND 4 11 4 12 235
FIRST 5 12 6 12 279
SECOND 8 14 8 15 54
FIRST 2 15 3 15 136
SECOND 5 15 5 16 0
FIRST -1 -1 -1 -1 7
FIRST -1 -1 -1 -1 7
SECOND -1 -1 -1 -1 0
FINISH
SCOREFIRST 38
SCORESECOND 38
