INIT 58529433671445682 77291286442489522 58385657925639356 69591269312785769 77983358451195929 74463963392711122 69665268512146712 18371741657462484 21483114336574696 78844934982119457
FIRST 1 4 4 4 205
SECOND 0 10 3 10 577
FIRST 5 11 5 14 123
SECOND 3 15 5 15 461
FIRST 6 5 8 5 144
SECOND 7 6 8 7 514
FIRST 9 9 9 10 210
SECOND 9 8 9 11 501
FIRST 6 11 8 11 207
SECOND 1 2 3 2 383
FIRST 0 16 2 16 217
SECOND 1 5 3 5 464
FIRST 7 0 9 0 218
SECOND 0 5 0 7 368
FIRST 8 6 9 8 219
SECOND 7 4 8 8 426
FIRST 9 5 9 12 229
SECOND 6 14 6 16 414
FIRST 0 15 1 15 234
SECOND 5 2 6 2 322
FIRST 6 12 6 13 241
SECOND 1 7 1 8 336
FIRST 7 2 7 3 167
SECOND 3 8 5 8 370
FIRST 5 9 6 9 248
SECOND 4 9 6 10 359
FIRST 6 8 7 9 204
SECOND 3 7 3 9 328
FIRST 4 11 4 12 256
SECOND 7 14 8 14 39
FIRST 1 11 2 11 65
SECOND 3 13 4 13 0
FIRST -1 -1 -1 -1 0
FIRST -1 -1 -1 -1 0
SECOND -1 -1 -1 -1 0
FINISH
SCOREFIRST 40
SCORESECOND 46
