INIT 48222613887949375 32815148116778572 51612445878293712 49484649839337625 79694374577451546 87275844486334272 72996932637977498 18681396348173386 46737228448693394 16738717965653338
FIRST 0 3 1 4 217
SECOND 2 14 2 16 293
FIRST 4 11 4 13 195
SECOND 2 4 4 4 251
FIRST 4 7 6 7 202
SECOND 1 7 1 9 359
FIRST 6 11 7 11 125
SECOND 0 14 0 15 361
FIRST 5 11 5 13 207
SECOND 3 12 3 13 230
FIRST 3 11 6 12 177
SECOND 2 13 6 13 335
FIRST 7 12 7 13 211
SECOND 9 2 9 3 334
FIRST 8 2 8 3 210
SECOND 5 16 6 16 288
FIRST 7 16 8 16 211
SECOND 0 1 1 1 212
FIRST 5 8 6 8 213
SECOND 8 0 8 1 331
FIRST 6 9 6 10 188
SECOND 4 15 4 16 2710
FIRST 4 5 4 6 220
SECOND 2 1 3 1 164
FIRST 8 9 9 9 192
SECOND 3 5 3 6 1744
FIRST 2 9 3 9 223
SECOND 2 10 2 11 112
FIRST 1 6 1 10 193
SECOND 1 3 2 6 67
FIRST 2 2 3 2 232
SECOND 2 0 2 7 65
FIRST 6 1 7 1 3
SECOND -1 -1 -1 -1 7
SECOND -1 -1 -1 -1 7
FIRST 8 6 8 7 8
SECOND 8 5 9 6 1
FIRST -1 -1 -1 -1 2
FIRST -1 -1 -1 -1 2
SECOND -1 -1 -1 -1 0
FINISH
SCOREFIRST 38
SCORESECOND 43
