INIT 99453976169682533 21776952225328889 64935529193119186 94283974179447612 87432639534561147 14837888241615581 13247427277169469 57627114651149229 71723857759919877 73793113319659841
FIRST 0 8 4 8 253
SECOND 2 11 3 12 709
FIRST 1 9 1 11 197
SECOND 5 8 7 8 659
FIRST 7 3 7 5 203
SECOND 7 7 7 10 613
FIRST 6 6 7 7 201
SECOND 4 0 6 0 570
FIRST 3 16 5 16 209
SECOND 0 13 0 15 2482
FIRST 8 11 8 12 199
SECOND 1 0 1 2 1652
FIRST 8 7 9 7 137
SECOND 9 1 9 2 1100
FIRST 2 0 2 1 124
SECOND 5 3 5 4 737
FIRST 2 4 2 5 222
SECOND 6 4 8 4 487
FIRST 8 1 8 3 145
SECOND 3 6 4 6 119
FIRST 3 9 4 9 206
SECOND 2 13 2 14 107
FIRST 1 3 2 3 236
SECOND 3 2 3 3 90
FIRST 5 13 5 14 238
SECOND 7 14 8 14 80
FIRST 6 1 7 1 240
SECOND 6 2 6 5 72
FIRST 8 8 9 8 241
SECOND 9 9 9 10 61
FIRST 4 13 6 13 247
SECOND 6 14 6 15 53
FIRST 6 12 7 12 243
SECOND 6 11 6 16 48
FIRST 4 13 7 14 247
SECOND 7 11 8 13 43
FIRST 4 12 4 15 183
SECOND -1 -1 -1 -1 0
SECOND -1 -1 -1 -1 0
FIRST -1 -1 -1 -1 0
FINISH
SCOREFIRST 43
SCORESECOND 47
