INIT 55661291821629184 49247499687873146 31783292496193258 39152718822758241 62234685673363736 22165589741391994 37822291243269581 86223787425691736 99642689359747633 64735287218994572
FIRST 6 16 8 16 246
SECOND 9 7 9 9 233
FIRST 7 1 7 3 196
SECOND 9 3 9 5 233
FIRST 5 9 7 9 197
SECOND 3 4 3 6 233
FIRST 1 0 3 0 127
SECOND 2 13 2 15 233
FIRST 5 4 7 4 205
SECOND 8 2 8 3 233
FIRST 6 2 6 3 206
SECOND 4 2 9 2 233
FIRST 5 0 5 3 137
SECOND 1 2 3 2 232
FIRST 2 1 3 1 220
SECOND 4 9 4 10 233
FIRST 0 0 0 1 218
SECOND 4 13 4 14 234
FIRST 6 0 6 1 219
SECOND 9 0 9 1 233
FIRST 0 16 1 16 225
SECOND 3 11 4 11 233
FIRST 7 14 7 15 182
SECOND 6 13 7 13 232
FIRST 2 11 2 12 163
SECOND 0 3 1 3 234
FIRST 5 12 5 13 229
SECOND 0 6 0 7 233
FIRST 0 9 1 9 232
SECOND 1 8 2 8 234
FIRST 2 7 3 7 233
SECOND 1 12 1 13 232
FIRST 0 13 0 14 179
SECOND 0 12 0 15 233
FIRST 0 5 0 8 219
SECOND 5 7 6 7 232
FIRST 3 13 3 14 242
SECOND 1 14 5 14 232
FIRST 4 10 5 12 249
SECOND 3 12 3 16 233
FIRST 3 8 3 9 219
SECOND 3 10 7 10 235
FIRST 6 8 6 12 269
SECOND -1 -1 -1 -1 233
SECOND -1 -1 -1 -1 233
FIRST 7 8 7 11 264
SECOND 5 8 8 8 228
FIRST 1 4 2 4 0
SECOND 3 1 4 3 229
FIRST 2 3 2 5 0
SECOND 4 0 4 4 227
FIRST -1 -1 -1 -1 1
FIRST -1 -1 -1 -1 1
SECOND -1 -1 -1 -1 0
FINISH
SCOREFIRST 54
SCORESECOND 61
