INIT 58645343685198691 17952575217883995 59294667956246169 61788227243178261 72185482663591194 51687788748297276 86267886279831462 75419597736526937 42313679236137238 46438762656216441
FIRST 2 14 6 14 250
SECOND 4 13 4 15 303
FIRST 4 1 5 2 135
SECOND 3 8 3 11 301
FIRST 0 5 0 7 202
SECOND 1 8 1 10 301
FIRST 7 15 9 15 206
SECOND 8 9 8 11 300
FIRST 9 0 9 1 213
SECOND 8 14 8 16 300
FIRST 6 16 9 16 213
SECOND 6 12 6 15 745
FIRST 8 0 8 3 206
SECOND 6 2 9 2 746
FIRST 6 3 9 3 223
SECOND 2 12 2 13 672
FIRST 9 13 9 14 226
SECOND 6 9 7 9 673
FIRST 4 16 5 16 227
SECOND 5 10 5 11 596
FIRST 1 11 2 11 227
SECOND 0 11 0 12 529
FIRST 0 15 0 16 228
SECOND 3 6 4 6 531
FIRST 2 16 3 16 231
SECOND 2 1 3 1 463
FIRST 8 12 8 13 231
SECOND 7 11 9 12 405
FIRST 0 2 0 3 15
SECOND 2 4 2 5 319
FIRST 4 9 5 9 11
SECOND 2 9 9 9 14
FIRST 4 7 5 7 4
SECOND 4 5 4 8 1
FIRST 3 7 4 10 1
SECOND 4 4 4 11 0
FIRST 3 4 3 5 0
SECOND -1 -1 -1 -1 0
SECOND -1 -1 -1 -1 0
FIRST -1 -1 -1 -1 0
FINISH
SCOREFIRST 44
SCORESECOND 49
