INIT 41217911365656697 97142985619358412 24968619375871189 99756325252599282 55125333781185499 54892392952228233 98329497813138659 92573942129567283 48595972558334171 71983415416527145
FIRST 9 5 9 7 220
SECOND 9 14 9 16 495
FIRST 0 7 0 9 157
SECOND 5 14 7 14 470
FIRST 4 9 4 11 203
SECOND 0 6 2 6 469
FIRST 3 7 5 7 201
SECOND 4 3 4 5 480
FIRST 3 5 6 5 205
SECOND 4 6 4 8 453
FIRST 4 0 5 0 205
SECOND 9 1 9 2 458
FIRST 0 12 1 12 209
SECOND 2 8 2 9 432
FIRST 7 7 8 8 209
SECOND 8 8 9 9 277
FIRST 3 4 3 8 216
SECOND 2 4 5 4 259
FIRST 3 9 5 9 220
SECOND 3 15 3 16 42
FIRST 7 2 8 2 220
SECOND 7 1 8 1 37
FIRST 2 13 3 13 225
SECOND 1 9 1 10 35
FIRST 0 10 2 10 184
SECOND 0 14 1 14 47
FIRST 7 3 7 4 230
SECOND 0 2 0 4 29
FIRST 8 11 8 13 226
SECOND 8 12 9 14 21
FIRST 7 11 9 11 239
SECOND -1 -1 -1 -1 8
SECOND -1 -1 -1 -1 8
FIRST 6 11 7 12 230
SECOND 5 9 6 12 4
FIRST 6 8 7 9 135
SECOND -1 -1 -1 -1 1
SECOND -1 -1 -1 -1 1
FIRST -1 -1 -1 -1 0
FINISH
SCOREFIRST 41
SCORESECOND 47
