INIT 97213626844178676 49653978514236523 36144641575437518 91821467566522993 79343232488561126 99264313195496355 14851134827797396 18159492812692995 13817342575279738 89454213382352791
FIRST 4 12 4 15 553
SECOND 8 6 9 7 196
FIRST 6 3 6 6 510
SECOND 4 4 4 7 203
FIRST 0 1 0 3 483
SECOND 7 0 9 0 210
FIRST 0 15 2 15 456
SECOND 0 4 2 4 210
FIRST 2 3 2 5 430
SECOND 2 6 2 8 209
FIRST 1 8 3 8 407
SECOND 5 0 6 0 220
FIRST 1 9 1 12 383
SECOND 0 12 2 12 218
FIRST 9 11 9 13 362
SECOND 2 0 2 2 225
FIRST 6 9 8 9 343
SECOND 3 0 3 1 236
FIRST 3 7 5 7 323
SECOND 0 11 3 11 152
FIRST 3 10 3 13 306
SECOND 7 7 7 8 235
FIRST 8 8 8 10 289
SECOND 9 15 9 16 246
FIRST 1 14 2 14 272
SECOND 8 14 8 15 242
FIRST 5 15 5 16 257
SECOND 6 13 6 14 189
FIRST 5 2 6 2 245
SECOND 5 8 5 9 225
FIRST 5 5 8 5 1209
SECOND 8 3 8 11 263
FIRST 7 10 9 11 299
SECOND 5 4 5 10 267
FIRST 5 3 5 11 13
SECOND 3 6 6 7 35
FIRST 7 3 9 3 2
SECOND 9 2 9 5 0
FIRST 7 2 7 4 0
SECOND -1 -1 -1 -1 0
SECOND -1 -1 -1 -1 0
FIRST -1 -1 -1 -1 0
FINISH
SCOREFIRST 53
SCORESECOND 50
