INIT 71863958389816726 52391724914732249 28494487656616243 12195482485398921 24265754398546552 79348425789793145 87895798145538596 18511687937317795 94124925253185139 95256132344898349
FIRST 1 2 4 2 2009
SECOND 8 2 9 3 119
FIRST 2 15 3 16 1501
SECOND 4 1 4 3 204
FIRST 6 4 8 4 1306
SECOND 1 1 2 1 203
FIRST 6 8 6 10 1043
SECOND 1 4 3 4 206
FIRST 6 3 7 3 756
SECOND 8 8 8 10 173
FIRST 2 12 3 12 679
SECOND 5 14 5 16 143
FIRST 4 14 6 14 543
SECOND 7 9 7 10 219
FIRST 1 6 2 6 434
SECOND 7 0 8 0 217
FIRST 1 8 1 9 346
SECOND 1 10 2 10 223
FIRST 1 11 1 12 281
SECOND 2 8 3 8 168
FIRST 7 6 8 6 219
SECOND 4 8 5 8 232
FIRST 8 7 9 8 125
SECOND 8 5 9 5 229
FIRST 3 7 3 9 58
SECOND 2 9 3 10 69
FIRST 4 12 4 13 31
SECOND 4 13 5 16 18
FIRST 0 12 5 12 10
SECOND 7 6 9 7 0
FIRST 9 4 9 9 2
SECOND -1 -1 -1 -1 0
SECOND -1 -1 -1 -1 0
FIRST -1 -1 -1 -1 1
FINISH
SCOREFIRST 36
SCORESECOND 39
