INIT 19734373382865157 52468579947923336 25143798326829964 22429995483959183 46563143173612866 28274972173991524 38778831496131676 95952746943479271 95439114237437686 82885768818468998
FIRST 0 0 3 0 245
SECOND 1 12 4 12 2426
FIRST 8 6 8 9 201
SECOND 7 14 7 16 1906
FIRST 5 6 5 8 202
SECOND 4 7 7 7 1203
FIRST 3 7 4 8 201
SECOND 7 6 9 6 767
FIRST 0 3 0 5 119
SECOND 4 3 4 5 791
FIRST 6 10 6 12 147
SECOND 5 1 5 2 368
FIRST 7 12 8 12 220
SECOND 6 9 6 13 505
FIRST 7 10 8 10 220
SECOND 0 9 0 10 542
FIRST 5 12 5 13 220
SECOND 9 11 9 12 327
FIRST 6 8 6 14 206
SECOND 6 6 6 15 299
FIRST 5 15 8 15 220
SECOND 9 1 9 2 253
FIRST 2 1 2 3 226
SECOND 1 1 4 1 191
FIRST 5 16 6 16 232
SECOND 2 4 2 5 131
FIRST 1 2 1 3 207
SECOND 2 15 2 16 98
FIRST 7 1 8 1 223
SECOND 2 14 3 14 33
FIRST 4 13 4 14 134
SECOND 5 9 5 10 8
FIRST 6 4 7 4 0
SECOND 8 4 8 5 0
FIRST -1 -1 -1 -1 0
FIRST -1 -1 -1 -1 0
SECOND 2 9 3 9 0
FIRST 2 8 4 9 0
SECOND 3 9 7 10 0
FIRST 4 6 4 11 0
SECOND -1 -1 -1 -1 0
SECOND -1 -1 -1 -1 0
FIRST -1 -1 -1 -1 0
FINISH
SCOREFIRST 43
SCORESECOND 49
