INIT 64744263166727567 94248742823748996 45272816757212973 33426141145448579 61862751894694629 97973398872889916 63957931581966831 25887298375514583 67755824335127786 76343416133186146
FIRST 8 10 9 11 229
SECOND 8 8 9 9 194
FIRST 1 7 4 7 174
SECOND 3 5 3 9 149
FIRST 1 6 4 6 134
SECOND 0 6 0 8 211
FIRST 2 4 4 4 110
SECOND 6 16 8 16 215
FIRST 5 15 6 16 89
SECOND 4 15 7 15 216
FIRST 7 12 7 14 75
SECOND 0 3 0 5 221
FIRST 1 1 1 3 58
SECOND 8 7 9 7 224
FIRST 0 0 0 1 50
SECOND 4 5 5 5 194
FIRST 3 0 3 2 43
SECOND 2 0 4 0 234
FIRST 2 2 4 2 43
SECOND 7 8 7 9 156
FIRST 6 10 6 11 36
SECOND 9 15 9 16 172
FIRST 5 3 5 4 30
SECOND 4 13 4 14 153
FIRST 7 5 8 5 22
SECOND 2 15 2 16 249
FIRST 8 12 9 12 16
SECOND 7 10 7 11 248
FIRST 5 10 5 11 12
SECOND 3 11 4 11 253
FIRST 1 10 1 11 7
SECOND 2 10 2 12 241
FIRST 0 12 3 12 6
SECOND 1 9 1 13 234
FIRST 8 2 9 2 3
SECOND 2 13 3 13 11
FIRST 3 10 3 14 2
SECOND 0 10 4 10 3
FIRST 5 1 6 1 1
SECOND 8 3 8 4 2
FIRST 7 4 9 4 1
SECOND 9 1 9 3 0
FIRST 4 0 5 1 0
SECOND 2 1 7 1 0
FIRST 7 0 7 2 0
SECOND -1 -1 -1 -1 0
SECOND -1 -1 -1 -1 0
FIRST -1 -1 -1 -1 0
FINISH
SCOREFIRST 52
SCORESECOND 57
