INIT 73324134543481822 96448715134465448 96827912443659877 65934359738959734 67449427924556779 65976526921827819 62516795985786978 97625264596951537 43349433423836198 29547918243323399
FIRST 1 6 1 9 246
SECOND 2 6 5 6 350
FIRST 2 7 2 9 197
SECOND 5 3 7 3 350
FIRST 8 0 8 2 200
SECOND 0 10 2 10 351
FIRST 1 1 1 2 206
SECOND 8 6 8 8 350
FIRST 3 8 3 9 208
SECOND 7 13 9 13 350
FIRST 3 3 3 5 176
SECOND 2 2 2 3 351
FIRST 1 1 2 3 177
SECOND 0 3 8 3 350
FIRST 0 1 0 4 215
SECOND 7 12 9 12 350
FIRST 9 9 9 11 220
SECOND 9 7 9 8 350
FIRST 0 16 1 16 228
SECOND 8 14 8 15 342
FIRST 1 11 2 11 198
SECOND 2 12 3 12 325
FIRST 5 15 5 16 230
SECOND 2 15 3 15 309
FIRST 5 9 6 9 235
SECOND 5 8 5 10 294
FIRST 5 12 6 12 239
SECOND 6 15 7 15 278
FIRST 0 14 0 15 2
SECOND 4 11 4 12 125
FIRST 4 10 4 13 2
SECOND 4 9 5 11 30
FIRST -1 -1 -1 -1 0
FIRST -1 -1 -1 -1 0
SECOND -1 -1 -1 -1 8
FINISH
SCOREFIRST 38
SCORESECOND 41
