INIT 64518774596874958 53931639549972934 89252869118634668 11967563986453156 26222687995831216 77872344877684539 53263692588868621 63189313526121266 21734565951613391 49815254485293772
FIRST 6 16 9 16 243
SECOND 3 0 4 1 447
FIRST 8 11 8 13 196
SECOND 0 1 0 3 320
FIRST 7 0 7 2 145
SECOND 6 0 6 2 248
FIRST 8 0 8 2 203
SECOND 7 10 8 12 447
FIRST 6 11 9 11 167
SECOND 0 13 2 13 490
FIRST 2 13 3 14 213
SECOND 3 12 3 15 322
FIRST 2 8 2 10 218
SECOND 2 13 4 15 199
FIRST 3 11 3 16 222
SECOND 6 7 8 7 481
FIRST 1 4 1 6 223
SECOND 0 8 1 8 228
FIRST 2 4 2 5 196
SECOND 6 9 7 9 243
FIRST 3 7 4 7 228
SECOND 9 13 9 14 148
FIRST 4 3 4 5 232
SECOND 4 2 4 6 191
FIRST 3 6 5 6 244
SECOND -1 -1 -1 -1 135
SECOND -1 -1 -1 -1 135
FIRST 7 5 9 5 71
SECOND 7 4 7 6 123
FIRST 6 8 7 8 0
SECOND 8 4 8 6 128
FIRST 7 12 9 13 0
SECOND 7 10 9 14 44
FIRST 5 4 9 4 0
SECOND 9 3 9 7 0
FIRST 1 12 2 12 0
SECOND 0 12 4 12 0
FIRST 5 3 5 5 0
SECOND -1 -1 -1 -1 0
SECOND -1 -1 -1 -1 0
FIRST -1 -1 -1 -1 0
FINISH
SCOREFIRST 37
SCORESECOND 58
