INIT 78548868125747167 88189766644149562 32976283674476839 16631653351449332 34465735228325765 38719729833138211 81323435248252378 11519879889917884 57418137945483926 26752368461981154
FIRST 5 3 9 3 203
SECOND 6 2 6 5 182
FIRST 2 0 5 0 206
SECOND 5 9 5 12 152
FIRST 5 13 6 13 91
SECOND 9 14 9 16 203
FIRST 5 1 7 1 125
SECOND 6 6 6 8 180
FIRST 3 2 3 4 415
SECOND 3 6 5 6 213
FIRST 3 14 4 14 406
SECOND 7 16 8 16 221
FIRST 4 2 4 3 345
SECOND 7 15 8 15 224
FIRST 2 5 2 6 80
SECOND 7 6 8 6 223
FIRST 6 11 6 14 183
SECOND 5 14 6 15 225
FIRST 4 11 4 13 368
SECOND 1 2 2 2 191
FIRST 1 1 2 1 231
SECOND 3 1 4 1 231
FIRST 1 8 1 9 107
SECOND 1 7 1 10 168
FIRST 8 9 9 9 286
SECOND 9 10 9 11 235
FIRST 7 11 7 12 239
SECOND 4 9 4 10 238
FIRST 0 8 3 8 400
SECOND 0 7 0 9 256
FIRST 4 8 5 8 279
SECOND 5 7 5 16 257
FIRST 3 9 3 11 164
SECOND 8 4 9 4 0
FIRST 8 5 9 6 4
SECOND -1 -1 -1 -1 0
SECOND -1 -1 -1 -1 0
FIRST -1 -1 -1 -1 0
FINISH
SCOREFIRST 43
SCORESECOND 46
