INIT 36695945661261113 91659396285648389 86398431279191684 43621799719121135 35954891187562247 21647345722725517 54199975856484266 47298915992992344 22567892741196667 21212519443959369
FIRST 9 2 9 5 247
SECOND 0 10 0 13 249
FIRST 3 13 3 16 196
SECOND 3 12 4 13 478
FIRST 0 8 2 8 201
SECOND 7 1 9 1 1105
FIRST 5 10 7 10 204
SECOND 3 3 3 5 1031
FIRST 4 0 6 0 165
SECOND 4 1 6 1 338
FIRST 1 1 3 1 182
SECOND 3 0 3 2 452
FIRST 1 11 1 12 212
SECOND 4 7 4 9 463
FIRST 7 15 8 15 223
SECOND 3 10 3 11 214
FIRST 2 9 5 9 227
SECOND 2 7 2 10 380
FIRST 5 14 7 14 188
SECOND 5 4 5 5 193
FIRST 6 13 6 15 228
SECOND 5 7 6 7 150
FIRST 6 16 7 16 231
SECOND 5 12 6 12 2785
FIRST 5 2 5 3 230
SECOND 6 2 6 3 488
FIRST 7 5 7 6 236
SECOND 7 11 8 11 241
FIRST 0 14 2 14 238
SECOND 2 13 7 14 108
FIRST 0 9 0 16 254
SECOND 8 10 8 12 14
FIRST 4 10 9 10 70
SECOND 8 9 8 13 4
FIRST 5 12 7 15 0
SECOND 4 14 8 15 0
FIRST -1 -1 -1 -1 0
FIRST -1 -1 -1 -1 0
SECOND -1 -1 -1 -1 0
FINISH
SCOREFIRST 44
SCORESECOND 49
