INIT 62518138853872441 19915541755643149 48168555985697333 45674688867959958 32375216848391535 48877275482977428 37398957751932883 68237299642214521 77819723183651197 43847649436288254
FIRST 0 13 1 14 183
SECOND 2 2 4 2 833
FIRST 2 13 2 14 198
SECOND 1 5 1 7 763
FIRST 3 5 5 5 199
SECOND 3 13 4 13 700
FIRST 1 11 1 12 200
SECOND 5 15 5 16 642
FIRST 2 6 2 7 148
SECOND 7 2 8 2 588
FIRST 8 1 9 1 204
SECOND 6 1 6 2 539
FIRST 1 2 1 3 203
SECOND 9 13 9 14 494
FIRST 9 11 9 12 205
SECOND 9 5 9 6 453
FIRST 8 14 8 15 205
SECOND 3 9 4 9 415
FIRST 6 12 7 13 189
SECOND 7 11 7 16 381
FIRST 1 9 1 10 215
SECOND 5 9 5 10 349
FIRST 4 0 6 0 220
SECOND 3 0 7 0 320
FIRST 8 3 8 4 202
SECOND 4 1 5 1 293
FIRST 7 8 7 9 224
SECOND -1 -1 -1 -1 269
SECOND -1 -1 -1 -1 269
FIRST 7 3 7 4 229
SECOND 7 1 7 5 246
FIRST 0 16 1 16 0
SECOND 1 15 2 16 226
FIRST 1 0 1 1 0
SECOND 0 0 2 0 207
FIRST 6 16 8 16 3
SECOND 8 13 9 16 55
FIRST 6 10 6 11 0
SECOND 6 10 7 14 20
FIRST 0 1 2 1 0
SECOND 0 1 3 2 0
FIRST 0 3 0 5 0
SECOND -1 -1 -1 -1 0
SECOND -1 -1 -1 -1 0
FIRST -1 -1 -1 -1 0
FINISH
SCOREFIRST 30
SCORESECOND 63
