INIT 98913685322295771 77286268752166323 12383264869785853 64274662447698333 83157622745791169 74842895376723634 43126375898471942 78359616971633726 17863919747598344 55411776276548896
FIRST 0 16 3 16 244
SECOND 0 11 2 11 769
FIRST 4 1 6 1 201
SECOND 0 3 0 5 710
FIRST 4 5 4 7 199
SECOND 1 15 3 15 656
FIRST 3 14 4 15 204
SECOND 0 15 5 15 605
FIRST 4 13 4 16 207
SECOND 5 15 6 16 559
FIRST 1 2 1 3 205
SECOND 1 5 3 5 515
FIRST 3 4 3 6 124
SECOND 2 4 4 4 476
FIRST 3 7 3 9 210
SECOND 2 9 4 9 440
FIRST 7 13 7 14 152
SECOND 7 10 7 12 405
FIRST 6 13 6 14 221
SECOND 4 2 6 2 375
FIRST 9 1 9 3 250
SECOND 8 3 9 4 346
FIRST 5 4 5 5 232
SECOND 3 0 3 1 318
FIRST 8 16 9 16 234
SECOND 0 8 1 8 958
FIRST 3 0 4 2 237
SECOND 2 0 5 1 717
FIRST 5 0 6 3 237
SECOND 1 1 2 2 538
FIRST 0 14 1 14 238
SECOND 5 8 5 9 403
FIRST 6 5 6 6 238
SECOND 8 5 8 6 302
FIRST 2 6 2 7 0
SECOND 5 7 6 7 55
FIRST 5 6 7 6 0
SECOND -1 -1 -1 -1 1
SECOND -1 -1 -1 -1 1
FIRST -1 -1 -1 -1 0
FINISH
SCOREFIRST 45
SCORESECOND 46
