INIT 57119888236427597 75725357726179371 75711438974479272 53968131293562512 84454131959931444 27277468546424267 87481259722631153 26149248661278758 37739255623127622 36246322365569352
FIRST 3 5 7 5 609
SECOND 0 3 3 3 169
FIRST 6 12 6 15 567
SECOND 3 13 3 16 188
FIRST 8 11 8 13 529
SECOND 0 14 2 14 187
FIRST 9 5 9 8 507
SECOND 2 5 3 6 148
FIRST 9 14 9 16 469
SECOND 0 16 2 16 133
FIRST 4 2 6 2 446
SECOND 3 2 7 2 173
FIRST 1 11 3 11 421
SECOND 5 9 5 10 110
FIRST 7 1 7 3 389
SECOND 3 12 4 13 114
FIRST 3 7 5 7 365
SECOND 3 4 3 8 56
FIRST 6 9 8 9 342
SECOND 5 11 5 13 44
FIRST 0 7 0 8 323
SECOND 0 2 0 4 52
FIRST 0 10 0 11 308
SECOND 8 14 8 16 69
FIRST 9 10 9 11 283
SECOND 7 9 9 10 38
FIRST 4 0 5 0 269
SECOND 4 15 5 15 19
FIRST 5 10 6 14 252
SECOND 6 8 6 16 9
FIRST 1 1 2 1 240
SECOND 0 1 3 1 3
FIRST 1 4 4 4 220
SECOND 6 0 7 0 2
FIRST 1 2 1 5 215
SECOND 0 5 8 5 1
FIRST 9 3 9 4 200
SECOND 6 4 7 4 1
FIRST 8 6 8 7 192
SECOND 8 0 8 1 0
FIRST 8 2 8 3 158
SECOND 6 2 9 3 0
FIRST 1 10 2 10 19
SECOND 2 10 3 12 0
FIRST -1 -1 -1 -1 0
FIRST -1 -1 -1 -1 0
SECOND -1 -1 -1 -1 0
FINISH
SCOREFIRST 36
SCORESECOND 78
