INIT 16997847991152678 51854312515239674 29655549961485257 57166393293213562 28554198678641336 39821212562714337 67466448915778492 32549233333172379 84178729253571637 42852783317417757
FIRST 2 10 3 11 220
SECOND 1 4 1 7 766
FIRST 1 3 1 8 144
SECOND 4 12 5 13 706
FIRST 5 11 5 14 443
SECOND 7 8 7 11 656
FIRST 5 5 5 8 412
SECOND 3 5 7 5 608
FIRST 7 7 7 12 306
SECOND 1 1 1 9 556
FIRST 1 0 1 10 54
SECOND 4 14 7 14 516
FIRST 0 0 4 0 69
SECOND 8 6 9 6 480
FIRST 7 5 8 6 119
SECOND 5 10 8 10 439
FIRST 5 4 5 15 74
SECOND 4 2 4 3 407
FIRST 6 4 6 6 76
SECOND 6 2 8 2 372
FIRST 7 13 9 13 45
SECOND 8 9 8 11 352
FIRST 9 5 9 7 20
SECOND 2 3 2 4 317
FIRST 3 4 4 4 16
SECOND 8 15 8 16 295
FIRST 5 2 5 3 7
SECOND 9 3 9 8 277
FIRST 8 8 9 10 4
SECOND 9 1 9 2 258
FIRST 6 8 6 9 1
SECOND 0 9 0 10 238
FIRST 0 8 0 11 1
SECOND 0 11 1 12 207
FIRST 3 11 4 13 0
SECOND 6 3 7 3 8
FIRST -1 -1 -1 -1 0
FIRST -1 -1 -1 -1 0
SECOND -1 -1 -1 -1 0
FINISH
SCOREFIRST 66
SCORESECOND 30
