INIT 27244473627862229 46194725733589138 56635938843872728 76541227287583158 52258772653478641 55462511697255881 39122263332947335 12939327144141346 48834826676133189 85729737617381825
FIRST 6 3 9 3 605
SECOND 5 3 6 4 0
FIRST 7 8 7 11 569
SECOND 6 9 8 9 0
FIRST 1 4 3 4 534
SECOND 6 11 8 11 0
FIRST 1 15 3 15 501
SECOND 6 10 7 12 0
FIRST 5 2 5 6 475
SECOND 4 6 5 7 0
FIRST 5 11 8 12 441
SECOND 7 10 8 13 0
FIRST 5 9 9 9 414
SECOND 7 8 8 14 0
FIRST 6 14 7 15 392
SECOND 6 8 6 13 0
FIRST 0 12 0 14 370
SECOND 0 14 2 15 0
FIRST 0 2 0 4 343
SECOND 3 16 5 16 0
FIRST 3 8 3 9 324
SECOND 3 6 7 6 0
FIRST 1 6 9 6 309
SECOND 6 5 6 16 0
FIRST 7 5 7 7 285
SECOND 0 6 0 7 0
FIRST 0 5 0 8 267
SECOND 0 10 1 10 0
FIRST 9 14 9 15 255
SECOND 1 9 2 10 0
FIRST 0 9 0 11 238
SECOND 1 0 1 1 0
FIRST 0 0 1 2 220
SECOND 2 13 2 16 0
FIRST 4 14 4 15 213
SECOND 3 10 4 10 0
FIRST 4 0 5 0 202
SECOND 3 0 6 0 0
FIRST 6 2 7 2 188
SECOND 4 2 8 2 0
FIRST 2 0 8 0 127
SECOND 7 1 8 1 0
FIRST 9 10 9 11 8
SECOND -1 -1 -1 -1 0
SECOND -1 -1 -1 -1 0
FIRST -1 -1 -1 -1 0
FINISH
SCOREFIRST 58
SCORESECOND 53
