INIT 87273462932586844 73768874973693935 41974945721257395 25134489271344174 86339169871172734 67967219762686192 18184355769536579 48824365347843551 11186846112142719 59722358889775179
FIRST 0 10 5 10 0
SECOND 8 9 8 13 771
FIRST 3 2 4 3 0
SECOND 7 0 9 0 709
FIRST 3 5 6 5 0
SECOND 6 2 8 2 659
FIRST 7 1 7 3 0
SECOND 3 11 5 11 602
FIRST 6 0 8 1 0
SECOND 9 4 9 6 558
FIRST 9 3 9 7 0
SECOND 3 16 5 16 513
FIRST 0 3 0 4 0
SECOND 0 9 1 9 477
FIRST 1 9 2 11 0
SECOND 6 14 7 14 442
FIRST 0 11 6 11 0
SECOND 6 8 7 8 408
FIRST 7 13 8 14 0
SECOND 3 14 9 14 375
FIRST 7 12 8 15 0
SECOND 3 8 4 8 350
FIRST 8 8 8 16 0
SECOND 1 1 1 2 317
FIRST 0 5 0 6 0
SECOND 1 13 2 13 296
FIRST 0 13 3 13 0
SECOND 7 16 9 16 275
FIRST 1 16 2 16 0
SECOND 5 6 5 7 256
FIRST 2 1 2 2 0
SECOND 6 12 9 12 230
FIRST 3 0 4 0 0
SECOND 6 7 7 7 215
FIRST 7 6 7 9 0
SECOND 2 0 5 0 196
FIRST 3 15 4 15 0
SECOND 7 5 7 10 66
FIRST 7 4 8 4 0
SECOND 8 6 8 7 8
FIRST -1 -1 -1 -1 0
FIRST -1 -1 -1 -1 0
SECOND -1 -1 -1 -1 0
FINISH
SCOREFIRST 62
SCORESECOND 39
