INIT 57456785913239358 36215862786312988 51752369936445266 46251144718997276 78787765741486211 57218618823329115 85584561213777239 45795399895881724 85382247656337232 18165217413357279
FIRST 4 15 8 15 606
SECOND 3 4 3 7 0
FIRST 5 1 5 3 567
SECOND 4 9 5 10 0
FIRST 9 0 9 2 532
SECOND 6 5 8 5 0
FIRST 9 5 9 7 497
SECOND 9 4 9 9 0
FIRST 1 10 1 12 468
SECOND 1 9 1 13 0
FIRST 6 6 6 9 440
SECOND 3 9 7 9 0
FIRST 2 3 2 5 423
SECOND 2 10 2 11 0
FIRST 1 2 2 3 396
SECOND 0 3 3 3 0
FIRST 3 0 3 1 371
SECOND 0 2 0 4 0
FIRST 4 12 5 12 343
SECOND 5 13 5 14 0
FIRST 8 12 8 13 322
SECOND 6 1 6 2 0
FIRST 8 3 8 4 307
SECOND 8 3 9 6 0
FIRST 5 6 7 6 286
SECOND 7 2 8 2 0
FIRST 0 8 0 9 274
SECOND 0 8 1 10 0
FIRST 0 7 0 12 256
SECOND 7 1 8 1 0
FIRST 6 10 6 11 242
SECOND 5 11 6 12 0
FIRST 4 11 4 13 71
SECOND 4 8 4 16 0
FIRST 7 13 8 14 8
SECOND -1 -1 -1 -1 0
SECOND -1 -1 -1 -1 0
FIRST -1 -1 -1 -1 0
FINISH
SCOREFIRST 33
SCORESECOND 57
