INIT 12954588457692981 19877742753985932 68763666669695977 55933534288431982 73438258791325987 24869769176917454 38224252167344398 42429949215819363 75487581619856828 45132717186252368
FIRST 3 12 6 12 601
SECOND 2 12 7 12 2
FIRST 6 2 6 5 563
SECOND 6 1 7 1 2
FIRST 6 8 7 9 535
SECOND 0 16 2 16 5
FIRST 9 0 9 2 500
SECOND 3 8 5 8 5
FIRST 5 14 7 14 478
SECOND 4 1 4 3 3
FIRST 6 0 6 7 443
SECOND 7 3 8 3 3
FIRST 1 0 1 1 418
SECOND 0 1 2 1 1
FIRST 9 12 9 14 389
SECOND 5 6 7 6 0
FIRST 9 4 9 6 368
SECOND 9 3 9 7 2
FIRST 6 10 6 11 347
SECOND 0 0 0 2 0
FIRST 3 13 3 14 323
SECOND 2 13 4 13 1
FIRST 1 4 2 4 305
SECOND 0 7 1 7 1
FIRST 4 4 4 5 288
SECOND 0 9 1 9 1
FIRST 4 9 4 10 269
SECOND 1 8 1 10 0
FIRST 1 6 2 6 257
SECOND 0 8 2 8 0
FIRST 1 15 2 15 239
SECOND 2 7 3 7 0
FIRST 8 15 8 16 222
SECOND 2 11 3 11 0
FIRST 5 0 7 1 214
SECOND 3 1 8 1 0
FIRST 8 9 8 10 195
SECOND 3 15 3 16 0
FIRST 8 11 9 11 24
SECOND 7 7 8 7 0
FIRST -1 -1 -1 -1 0
FIRST -1 -1 -1 -1 0
SECOND -1 -1 -1 -1 0
FINISH
SCOREFIRST 41
SCORESECOND 54
